"inj_x"= 2.0323615201475906
"inj_y"= 0.875
"b_x"= 1.0541546713311643
"b_y"= 0.875
"c_x"= 0.7006012807378904
"c_y"= 0.7285533905932737
"d_x"= 0.1767766952966369
"d_y"= 0.20472880515202027
"o_x"= 0.0
"o_y"= 0.13150550044865716
"n_x"= 0.03235238063781509
"n_y"= 0.13576394800628575
"e_x"= 0.7151478445997492
"e_y"= 0.31871844117051973
